0 0.477865 0.690430 0.828125 0.476562
0 0.244792 0.584229 0.488281 0.197754
0 0.751302 0.391357 0.470052 0.156738
0 0.398763 0.437988 0.490234 0.142578
0 0.167318 0.465088 0.333333 0.106934
0 0.297526 0.388672 0.329427 0.091797
0 0.428711 0.322266 0.287109 0.083008
0 0.552083 0.347412 0.430990 0.121582
0 0.691732 0.278564 0.300130 0.089355
0 0.860677 0.258301 0.278646 0.117188
0 0.744141 0.234375 0.325521 0.098633
0 0.815755 0.190186 0.282552 0.085449
0 0.646159 0.210449 0.223307 0.069336
0 0.538086 0.268799 0.287109 0.086426