0 0.476667 0.384440 0.049333 0.040946
0 0.475000 0.425842 0.048667 0.040036
0 0.522333 0.425842 0.047333 0.041856
0 0.523000 0.385805 0.048667 0.040036
0 0.523333 0.344859 0.046667 0.038217
0 0.475333 0.344859 0.046667 0.038217
0 0.524667 0.305278 0.048000 0.037307
0 0.476000 0.305278 0.046667 0.039126
0 0.475667 0.264786 0.048667 0.038217
0 0.523667 0.265696 0.046000 0.038217
0 0.524333 0.062784 0.047333 0.038217
0 0.478000 0.060510 0.045333 0.039126
0 0.478333 0.097816 0.044667 0.039126
0 0.523333 0.100546 0.046667 0.033667
0 0.524000 0.138308 0.044000 0.038217
0 0.477000 0.138308 0.047333 0.036397
0 0.478667 0.174704 0.041333 0.036397
0 0.523000 0.176069 0.044667 0.039126
0 0.523000 0.213831 0.046000 0.034577
0 0.477000 0.213831 0.044667 0.040036
0 0.524000 0.023658 0.041333 0.034577
0 0.480000 0.022293 0.042667 0.033667
0 0.634333 0.020928 0.046000 0.038217
0 0.588333 0.027298 0.047333 0.041856
0 0.588667 0.064604 0.046667 0.041856
0 0.635667 0.060510 0.048667 0.039126
0 0.634333 0.100091 0.047333 0.038217
0 0.587667 0.102366 0.046000 0.042766
0 0.589333 0.145132 0.052000 0.042766
0 0.641000 0.143312 0.052667 0.039126
0 0.639333 0.181074 0.050667 0.036397
0 0.589667 0.182894 0.051333 0.038217
0 0.592667 0.222475 0.046667 0.042766
0 0.638000 0.218835 0.048000 0.039126
0 0.639000 0.259782 0.047333 0.039126
0 0.593000 0.261146 0.046000 0.038217
0 0.592333 0.299818 0.048667 0.039126
0 0.638667 0.300728 0.046667 0.040946
0 0.598333 0.358053 0.047333 0.039126
0 0.644333 0.358963 0.047333 0.044586
0 0.644333 0.399454 0.048667 0.040036
0 0.596667 0.399454 0.049333 0.040036
0 0.597000 0.439490 0.050000 0.040036
0 0.644667 0.439490 0.048000 0.043676
0 0.643000 0.478617 0.047333 0.036397
0 0.597000 0.480892 0.046000 0.039126
0 0.523667 0.493176 0.052667 0.043676
0 0.473000 0.492266 0.050000 0.041856
0 0.473000 0.535032 0.051333 0.038217
0 0.521333 0.536397 0.054667 0.042766
0 0.524000 0.575523 0.053333 0.044586
0 0.472000 0.578253 0.050667 0.046406
0 0.473000 0.617379 0.050000 0.039126
0 0.523000 0.619199 0.052667 0.042766
0 0.523000 0.659691 0.048667 0.041856
0 0.471333 0.660146 0.053333 0.040946
0 0.523333 0.744768 0.057333 0.042766
0 0.469667 0.745678 0.055333 0.042766
0 0.469333 0.788444 0.054667 0.042766
0 0.523333 0.789354 0.056000 0.042766
0 0.523000 0.830755 0.055333 0.041856
0 0.467333 0.833030 0.057333 0.044586
0 0.468000 0.875796 0.054667 0.044586
0 0.522333 0.876706 0.052667 0.048226
0 0.602667 0.856688 0.056000 0.051865
0 0.658000 0.861692 0.056000 0.047316
0 0.599667 0.597361 0.054000 0.048226
0 0.649000 0.591447 0.050000 0.050955
0 0.648000 0.637398 0.049333 0.042766
0 0.599000 0.639217 0.054000 0.046406
0 0.649000 0.679254 0.055333 0.044586
0 0.599333 0.682894 0.054667 0.051865
0 0.599333 0.723385 0.053333 0.040036
0 0.599667 0.767516 0.052667 0.040946
0 0.724000 0.454959 0.057333 0.045496
0 0.771333 0.455414 0.053333 0.046406
0 0.771333 0.494540 0.050667 0.039126
0 0.720667 0.496360 0.050667 0.040946
0 0.719000 0.536852 0.050000 0.036397
0 0.771000 0.539581 0.051333 0.041856
0 0.719333 0.579163 0.049333 0.040946
0 0.769333 0.577343 0.050667 0.035487
0 0.769667 0.622839 0.054000 0.046406
0 0.718000 0.621019 0.052000 0.040946
0 0.731667 0.697907 0.055333 0.043676
0 0.786000 0.704277 0.053333 0.040036
0 0.785000 0.743858 0.052667 0.040946
0 0.731000 0.743403 0.052667 0.040036
0 0.730333 0.786169 0.052667 0.036397
0 0.784333 0.789809 0.054000 0.041856
0 0.729333 0.830300 0.054667 0.039126
0 0.784333 0.832575 0.054000 0.040036
0 0.782000 0.875341 0.056000 0.043676
0 0.867333 0.806642 0.060000 0.053685
0 0.928667 0.817561 0.061333 0.055505
0 0.929333 0.860328 0.061333 0.053685
0 0.863000 0.852138 0.066000 0.040946
0 0.864000 0.888080 0.060000 0.045496
0 0.926667 0.893995 0.064000 0.035487
0 0.902333 0.722020 0.056667 0.044586
0 0.845333 0.718835 0.058667 0.036397
0 0.847667 0.676979 0.056667 0.040036
0 0.903000 0.680619 0.056667 0.041856
0 0.903667 0.636488 0.055333 0.044586
0 0.848333 0.635578 0.056667 0.035487
0 0.849667 0.593267 0.056667 0.041856
0 0.852000 0.549591 0.056000 0.038217
0 0.907000 0.556415 0.055333 0.042766
0 0.905000 0.595541 0.055333 0.037307
0 0.835667 0.318926 0.046000 0.037307
0 0.884000 0.321656 0.050667 0.039126
0 0.883667 0.362147 0.048667 0.041856
0 0.835000 0.360783 0.048667 0.037307
0 0.834333 0.399454 0.047333 0.036397
0 0.882333 0.401729 0.051333 0.037307
0 0.882000 0.443585 0.048000 0.040946
0 0.760000 0.232484 0.049333 0.039126
0 0.711667 0.230664 0.048667 0.037307
0 0.710000 0.271611 0.048000 0.035487
0 0.759333 0.271156 0.050667 0.040036
0 0.760667 0.309372 0.048000 0.036397
0 0.710667 0.310737 0.048000 0.037307
0 0.758000 0.348044 0.046667 0.040946
0 0.711333 0.349864 0.050667 0.040946
0 0.709333 0.389445 0.049333 0.040036
0 0.756667 0.390355 0.044000 0.040036
0 0.943000 0.196087 0.048667 0.039126
0 0.943000 0.235669 0.052667 0.040036
0 0.942000 0.274340 0.052000 0.037307
0 0.940000 0.312102 0.052000 0.047316
0 0.941000 0.351683 0.055333 0.039126
0 0.984000 0.195632 0.032000 0.036397
0 0.984000 0.235669 0.032000 0.038217
0 0.984333 0.273430 0.031333 0.037307
0 0.983333 0.313012 0.033333 0.036397
0 0.982333 0.351228 0.035333 0.036397
0 0.822667 0.108735 0.046667 0.044586
0 0.867000 0.112830 0.042000 0.041856
0 0.821000 0.147407 0.043333 0.041856
0 0.865000 0.153776 0.043333 0.040036
0 0.822000 0.186078 0.044000 0.039126
0 0.864667 0.189718 0.044000 0.044586
0 0.864667 0.228844 0.044000 0.035487
0 0.821667 0.225660 0.044667 0.038217
0 0.820667 0.265241 0.046667 0.039126
0 0.864000 0.267516 0.041333 0.047316
0 0.924333 0.032757 0.044667 0.040036
0 0.966667 0.036397 0.042667 0.040036
0 0.922333 0.072338 0.043333 0.035487
0 0.967000 0.074158 0.042000 0.035487
0 0.922667 0.109645 0.045333 0.035487
0 0.921333 0.147862 0.045333 0.039126
0 0.967000 0.111010 0.042000 0.038217
0 0.967000 0.148772 0.043333 0.035487
0 0.968000 0.413558 0.049333 0.040946
0 0.965333 0.453594 0.046667 0.039126
0 0.964333 0.496815 0.047333 0.041856
0 0.962333 0.537307 0.051333 0.042766
0 0.962000 0.578253 0.045333 0.040946
0 0.983667 0.655596 0.032667 0.044586
0 0.981667 0.699272 0.036667 0.037307
0 0.981333 0.741583 0.037333 0.045496
0 0.980667 0.784349 0.038667 0.034577
0 0.980667 0.828025 0.038667 0.040036
0 0.704333 0.029572 0.046000 0.039126
0 0.749667 0.029117 0.046000 0.038217
0 0.749000 0.068244 0.046000 0.038217
0 0.703667 0.066879 0.044667 0.033667
0 0.702000 0.104641 0.045333 0.038217
0 0.747667 0.107825 0.046000 0.037307
0 0.747333 0.144677 0.045333 0.034577
0 0.700333 0.145587 0.048667 0.038217
0 0.700667 0.182439 0.045333 0.037307
0 0.746667 0.181984 0.044000 0.041856
0 0.805000 0.031392 0.047333 0.039126
0 0.850000 0.032302 0.045333 0.039126
0 0.849667 0.069154 0.044667 0.034577
0 0.804333 0.069609 0.044667 0.039126
0 0.331333 0.897179 0.052000 0.025478
0 0.386333 0.898089 0.054000 0.021838
0 0.340000 0.639217 0.057333 0.040946
0 0.393667 0.638763 0.051333 0.041856
0 0.394667 0.680164 0.052000 0.039126
0 0.342667 0.682894 0.052000 0.040946
0 0.342000 0.725205 0.052000 0.038217
0 0.394333 0.721565 0.054000 0.045496
0 0.392667 0.765696 0.057333 0.044586
0 0.341667 0.767971 0.052667 0.045496
0 0.340667 0.811647 0.052000 0.047316
0 0.395333 0.808007 0.056000 0.047316
0 0.402000 0.398544 0.052000 0.047316
0 0.350333 0.398999 0.054000 0.039126
0 0.351667 0.435396 0.051333 0.042766
0 0.401667 0.437671 0.051333 0.038217
0 0.400000 0.476797 0.054667 0.038217
0 0.352333 0.476797 0.054000 0.040036
0 0.350000 0.517288 0.048000 0.039126
0 0.399000 0.519108 0.054000 0.048226
0 0.402667 0.558235 0.056000 0.046406
0 0.349333 0.560965 0.050667 0.048226
0 0.407000 0.179709 0.051333 0.040946
0 0.408333 0.217925 0.051333 0.039126
0 0.406333 0.257962 0.050000 0.035487
0 0.406667 0.298908 0.050667 0.037307
0 0.410000 0.338035 0.054667 0.040946
0 0.359667 0.336215 0.046000 0.037307
0 0.358333 0.293449 0.055333 0.035487
0 0.358667 0.258872 0.050667 0.039126
0 0.359667 0.214286 0.048667 0.035487
0 0.359333 0.175159 0.048000 0.039126
0 0.368000 0.020928 0.045333 0.040036
0 0.414000 0.023203 0.046667 0.040946
0 0.414000 0.058235 0.048000 0.038217
0 0.366667 0.058235 0.045333 0.038217
0 0.367667 0.095541 0.046000 0.032757
0 0.413000 0.098271 0.046000 0.040036
0 0.413333 0.134213 0.045333 0.040946
0 0.367000 0.133758 0.048667 0.038217
0 0.255667 0.793904 0.054000 0.042766
0 0.201333 0.793904 0.053333 0.042766
0 0.202333 0.837580 0.051333 0.044586
0 0.255000 0.838944 0.052667 0.047316
0 0.201667 0.881256 0.052667 0.042766
0 0.255667 0.881256 0.052667 0.042766
0 0.271000 0.705187 0.048667 0.045496
0 0.219333 0.702912 0.049333 0.037307
0 0.220000 0.662875 0.050667 0.039126
0 0.270000 0.664240 0.046667 0.040036
0 0.271333 0.620564 0.049333 0.038217
0 0.220667 0.620564 0.050667 0.038217
0 0.219000 0.579618 0.050000 0.041856
0 0.270667 0.579163 0.049333 0.040946
0 0.268333 0.537307 0.051333 0.042766
0 0.219333 0.536397 0.046667 0.039126
0 0.235000 0.304823 0.047333 0.038217
0 0.283333 0.305732 0.050667 0.040036
0 0.283667 0.345769 0.047333 0.040036
0 0.235333 0.347134 0.048000 0.040946
0 0.236000 0.385805 0.048000 0.040036
0 0.283333 0.387170 0.048000 0.040946
0 0.283333 0.428116 0.048000 0.040946
0 0.235667 0.428116 0.047333 0.039126
0 0.236667 0.464968 0.045333 0.038217
0 0.283667 0.467243 0.046000 0.040946
0 0.294333 0.211556 0.046000 0.037307
0 0.295333 0.250227 0.044000 0.038217
0 0.250333 0.249773 0.044667 0.039126
0 0.249333 0.209736 0.045333 0.037307
0 0.248667 0.173339 0.046667 0.039126
0 0.296333 0.173794 0.047333 0.040036
0 0.296000 0.134668 0.048000 0.040036
0 0.295667 0.096451 0.048667 0.040036
0 0.250000 0.097816 0.046667 0.040946
0 0.249333 0.135578 0.048000 0.040036
0 0.308333 0.055960 0.043333 0.039126
0 0.308000 0.019563 0.045333 0.037307
0 0.262667 0.019108 0.048000 0.036397
0 0.263000 0.054595 0.047333 0.036397
0 0.145000 0.164695 0.048667 0.036397
0 0.188000 0.165605 0.046667 0.038217
0 0.190000 0.125569 0.046667 0.038217
0 0.142333 0.125114 0.047333 0.039126
0 0.143000 0.086897 0.044667 0.039126
0 0.189667 0.089172 0.047333 0.041856
0 0.188667 0.051410 0.042667 0.037307
0 0.142333 0.050955 0.046000 0.038217
0 0.142333 0.015469 0.044667 0.029117
0 0.188333 0.015014 0.046000 0.028207
0 0.087667 0.088262 0.044667 0.038217
0 0.042667 0.086442 0.046667 0.034577
0 0.041667 0.049136 0.044667 0.036397
0 0.087667 0.051865 0.046000 0.040036
0 0.087000 0.016379 0.046000 0.030937
0 0.042000 0.016379 0.044000 0.030937
0 0.122667 0.211101 0.048000 0.041856
0 0.171000 0.212921 0.050000 0.038217
0 0.171667 0.252957 0.050000 0.041856
0 0.123333 0.252047 0.048000 0.040036
0 0.124000 0.292539 0.049333 0.039126
0 0.172000 0.292994 0.050667 0.034577
0 0.172333 0.330755 0.050000 0.040946
0 0.124333 0.330300 0.048667 0.036397
0 0.124333 0.368517 0.048667 0.034577
0 0.173000 0.369882 0.047333 0.040946
0 0.101000 0.433576 0.050000 0.039126
0 0.151333 0.434941 0.049333 0.041856
0 0.151667 0.475432 0.050000 0.039126
0 0.102000 0.474977 0.050667 0.038217
0 0.102667 0.515469 0.049333 0.039126
0 0.152667 0.516379 0.052000 0.042766
0 0.152667 0.557780 0.049333 0.041856
0 0.104000 0.557325 0.049333 0.037307
0 0.105000 0.597816 0.048667 0.041856
0 0.153667 0.599181 0.048667 0.042766
0 0.132667 0.853503 0.052000 0.045496
0 0.080667 0.851683 0.053333 0.040036
0 0.080000 0.809827 0.052000 0.041856
0 0.133000 0.808917 0.052667 0.047316
0 0.132667 0.766606 0.052000 0.039126
0 0.079000 0.766606 0.052667 0.040946
0 0.078667 0.724295 0.053333 0.043676
0 0.131667 0.722930 0.052667 0.040946
0 0.131333 0.681529 0.050667 0.041856
0 0.078333 0.680164 0.054000 0.040946
0 0.025333 0.742038 0.049333 0.042766
0 0.024667 0.700182 0.048000 0.039126
0 0.024333 0.658781 0.047333 0.041856
0 0.023000 0.617834 0.044667 0.043676
0 0.023000 0.576433 0.044667 0.039126
0 0.042333 0.503185 0.050000 0.038217
0 0.042667 0.464968 0.050667 0.040036
0 0.041667 0.424022 0.048667 0.038217
0 0.041000 0.384895 0.048667 0.038217
0 0.040333 0.343039 0.047333 0.038217
0 0.064000 0.286169 0.040000 0.037307
0 0.021333 0.285259 0.038667 0.037307
0 0.021333 0.246588 0.038667 0.038217
0 0.063333 0.247498 0.040000 0.038217
0 0.063333 0.207916 0.041333 0.037307
0 0.020667 0.208826 0.038667 0.035487
0 0.020000 0.169700 0.038667 0.035487
0 0.061667 0.169245 0.039333 0.036397
0 0.061667 0.129663 0.040667 0.033667
0 0.019333 0.130573 0.037333 0.035487
0 0.007333 0.838490 0.013333 0.037307
0 0.008000 0.882166 0.014667 0.040946