0 0.323242 0.298160 0.104297 0.027027
0 0.327930 0.313974 0.112891 0.036803
0 0.337891 0.332662 0.136719 0.040828
0 0.347266 0.354802 0.160156 0.050604
0 0.358594 0.389879 0.189062 0.066705
0 0.368555 0.445083 0.237109 0.108108
0 0.561328 0.458022 0.218750 0.097182
0 0.512305 0.405405 0.179297 0.060955
0 0.476367 0.368603 0.148047 0.050604
0 0.454102 0.348764 0.139453 0.050029
0 0.433008 0.327200 0.118359 0.041403
0 0.417578 0.311673 0.109375 0.032202
0 0.503906 0.323174 0.110156 0.034503
0 0.532422 0.340713 0.121875 0.035078
0 0.561719 0.361415 0.139063 0.039678
0 0.589844 0.384416 0.128906 0.046578
0 0.664062 0.418344 0.188281 0.059229
0 0.739062 0.468085 0.237500 0.081656
0 0.588867 0.334675 0.108984 0.027602
0 0.621094 0.351926 0.118750 0.034503
0 0.661914 0.371478 0.137109 0.036803
0 0.708203 0.394767 0.150781 0.048879
0 0.781641 0.428407 0.190625 0.057504
0 0.865820 0.477861 0.215234 0.073606
0 0.659180 0.344451 0.088672 0.026452
0 0.698633 0.361415 0.108984 0.031627
0 0.746680 0.383266 0.135547 0.039678
0 0.815234 0.405693 0.150781 0.053479
0 0.873047 0.438183 0.159375 0.050604
0 0.943555 0.481599 0.112891 0.048879
0 0.731055 0.357677 0.089453 0.021852
0 0.779687 0.375791 0.089844 0.023577
0 0.826562 0.396205 0.121875 0.034503
0 0.896289 0.424094 0.113672 0.028177
0 0.088281 0.571305 0.102344 0.041978
0 0.104688 0.537090 0.087500 0.036803
0 0.115039 0.513514 0.084766 0.029902
0 0.127734 0.491949 0.074219 0.028177
0 0.136914 0.473548 0.067578 0.023577
0 0.144531 0.455434 0.064844 0.023002
0 0.204492 0.457734 0.058203 0.027602
0 0.197852 0.476136 0.062109 0.025302
0 0.193750 0.493962 0.065625 0.023002
0 0.184570 0.516101 0.077734 0.030477
0 0.180273 0.542266 0.086328 0.032202
0 0.165039 0.571018 0.083984 0.039103
0 0.245703 0.460035 0.027344 0.017251
0 0.257812 0.479586 0.056250 0.024152
0 0.256641 0.497125 0.061719 0.023577
0 0.256641 0.516964 0.065625 0.024152
0 0.253906 0.541403 0.071094 0.032777
0 0.247266 0.573318 0.065625 0.034503
0 0.315625 0.499712 0.061719 0.026452
0 0.316602 0.520989 0.071484 0.029902
0 0.320117 0.544853 0.073828 0.033928
0 0.322656 0.574181 0.079687 0.035078
0 0.380664 0.522427 0.063672 0.027027
0 0.384570 0.545716 0.069141 0.032202
0 0.393555 0.578781 0.070703 0.039678
0 0.447852 0.550604 0.062109 0.029327
0 0.456250 0.580219 0.078906 0.034503
0 0.476758 0.510351 0.062891 0.022427
0 0.490625 0.529902 0.070312 0.030477
0 0.503320 0.550891 0.069141 0.032202
0 0.516797 0.578493 0.070312 0.039103
0 0.522461 0.510926 0.066016 0.022427
0 0.540625 0.527027 0.067969 0.033928
0 0.559766 0.553191 0.071094 0.034503
0 0.570508 0.578781 0.058984 0.033928
0 0.570703 0.512651 0.048438 0.024727
0 0.583984 0.532777 0.042188 0.014376
0 0.611914 0.557217 0.065234 0.027602
0 0.620313 0.579068 0.073438 0.034503
0 0.682227 0.578206 0.065234 0.022427
0 0.651172 0.556354 0.050000 0.023577
0 0.635352 0.535365 0.060547 0.027602
0 0.659766 0.519264 0.051562 0.021852
0 0.701172 0.522714 0.053906 0.032202
0 0.687500 0.541116 0.051562 0.020702
0 0.717969 0.543416 0.043750 0.024152
0 0.698242 0.558367 0.051953 0.024152
0 0.761719 0.545716 0.042188 0.029902
0 0.790820 0.563255 0.054297 0.024727
0 0.822852 0.588844 0.055859 0.037953
0 0.828320 0.562392 0.062109 0.032202
0 0.861523 0.581944 0.062109 0.032202
0 0.832422 0.541978 0.060937 0.021277
0 0.864062 0.560955 0.059375 0.036228
0 0.900195 0.583094 0.051172 0.034503
0 0.838281 0.524439 0.053906 0.025302
0 0.878125 0.529327 0.049219 0.021277
0 0.896875 0.539678 0.042969 0.022427
0 0.918945 0.554629 0.029297 0.014376
0 0.073828 0.506038 0.032031 0.017251
0 0.060352 0.520989 0.030859 0.024152
0 0.052148 0.541978 0.033984 0.018976
0 0.041992 0.557217 0.034766 0.021852
0 0.024219 0.572743 0.031250 0.019551
0 0.025586 0.592869 0.048047 0.032202