16 0.163086 0.596191 0.324870 0.252930
16 0.478841 0.754883 0.909505 0.489258
16 0.328776 0.445312 0.477865 0.148438
16 0.669596 0.510010 0.660807 0.288574
16 0.516602 0.325684 0.465495 0.129883
16 0.778320 0.312500 0.443359 0.124023
16 0.674479 0.228760 0.468750 0.124512
16 0.798503 0.159180 0.400391 0.114258
16 0.851237 0.107666 0.289714 0.104980
16 0.612630 0.136230 0.261719 0.077148
16 0.704102 0.095703 0.225911 0.066406
16 0.775716 0.062500 0.202474 0.064453
16 0.837891 0.029053 0.194010 0.056152
16 0.681315 0.076904 0.168620 0.070801
16 0.556315 0.134521 0.206380 0.086426
