16 0.359863 0.377604 0.215820 0.130208
16 0.337891 0.519965 0.255859 0.126736
16 0.734863 0.590278 0.139648 0.159722
16 0.651367 0.705729 0.185547 0.227431
16 0.532227 0.841146 0.253906 0.303819
16 0.332520 0.737847 0.311523 0.267361
16 0.506836 0.600694 0.205078 0.184028
16 0.621582 0.519965 0.153320 0.133681
16 0.499023 0.443576 0.169922 0.133681
16 0.231934 0.192708 0.114258 0.062500
16 0.321777 0.192708 0.098633 0.045139
16 0.304688 0.239583 0.103516 0.059028
16 0.386230 0.230035 0.100586 0.053819
16 0.381836 0.286458 0.097656 0.062500
16 0.449219 0.271701 0.091797 0.053819
16 0.445801 0.321181 0.096680 0.065972
16 0.506836 0.307292 0.089844 0.055556
16 0.516113 0.365451 0.084961 0.074653
16 0.566895 0.348090 0.077148 0.064236
16 0.620605 0.379340 0.081055 0.053819
16 0.581055 0.395833 0.085938 0.069444
