16 0.514444 0.809500 0.591111 0.381000
16 0.509444 0.564500 0.444444 0.249000
16 0.492222 0.383500 0.353333 0.159000
16 0.503333 0.280500 0.277778 0.131000
16 0.498889 0.211500 0.235556 0.099000
16 0.512778 0.150500 0.221111 0.099000
16 0.501944 0.093000 0.180556 0.068000
16 0.500000 0.059000 0.165556 0.062000
16 0.068056 0.132000 0.135000 0.060000
16 0.050000 0.191500 0.098889 0.059000
16 0.143611 0.352000 0.286111 0.140000
16 0.173333 0.272500 0.268889 0.065000
16 0.212500 0.201500 0.236111 0.093000
16 0.247778 0.134000 0.218889 0.082000
16 0.087778 0.104000 0.162222 0.050000
16 0.112222 0.068000 0.163333 0.044000
16 0.259167 0.096000 0.181667 0.062000
16 0.291944 0.060500 0.156111 0.055000
16 0.799722 0.107500 0.231667 0.093000
16 0.841111 0.158500 0.273333 0.101000
16 0.867778 0.222000 0.264444 0.120000
16 0.886944 0.309500 0.226111 0.153000
16 0.916111 0.436500 0.167778 0.181000
