16 0.133125 0.489167 0.263750 0.211667
16 0.223750 0.515833 0.305000 0.275000
16 0.353125 0.580833 0.298750 0.345000
16 0.525625 0.649167 0.331250 0.475000
16 0.776250 0.766667 0.432500 0.453333
16 0.213750 0.306667 0.122500 0.076667
16 0.259375 0.325000 0.128750 0.073333
16 0.309375 0.345833 0.148750 0.088333
16 0.381875 0.355000 0.161250 0.110000
16 0.470625 0.375000 0.166250 0.103333
16 0.568125 0.392500 0.163750 0.108333
16 0.671875 0.405000 0.143750 0.130000
16 0.785000 0.426667 0.207500 0.153333
16 0.928125 0.447500 0.143750 0.198333
16 0.051875 0.333333 0.101250 0.083333
