16 0.746875 0.786667 0.506250 0.404444
16 0.894375 0.526667 0.211250 0.186667
16 0.780625 0.518889 0.333750 0.157778
16 0.574375 0.716667 0.428750 0.308889
16 0.283750 0.893333 0.422500 0.213333
16 0.125625 0.772222 0.248750 0.162222
16 0.345625 0.633333 0.286250 0.195556
16 0.559375 0.486667 0.208750 0.093333
16 0.661875 0.523333 0.268750 0.153333
16 0.488750 0.487778 0.220000 0.091111
16 0.286875 0.602222 0.296250 0.133333
16 0.064375 0.667778 0.113750 0.077778
16 0.246250 0.590000 0.217500 0.140000
16 0.436250 0.488889 0.175000 0.097778
16 0.418125 0.478889 0.176250 0.064444
16 0.203750 0.560000 0.250000 0.097778
16 0.046875 0.608889 0.091250 0.057778
