16 0.298003 0.767281 0.594470 0.428571
16 0.511905 0.680300 0.450845 0.309908
16 0.615207 0.629608 0.298003 0.220046
16 0.700461 0.581221 0.250384 0.148618
16 0.736943 0.569124 0.226575 0.149770
16 0.794931 0.540323 0.213518 0.105991
16 0.834101 0.525922 0.185868 0.072581
16 0.847542 0.522465 0.198925 0.077189
16 0.910138 0.513825 0.132104 0.064516
16 0.124808 0.449309 0.248080 0.207373
16 0.264977 0.433180 0.285714 0.145161
16 0.386329 0.456221 0.224270 0.186636
16 0.475806 0.440092 0.226575 0.133641
16 0.549923 0.425691 0.218126 0.093318
16 0.619816 0.445276 0.168971 0.097926
16 0.666283 0.432028 0.149770 0.085253
16 0.700077 0.428571 0.151306 0.131336
16 0.721582 0.428571 0.160522 0.099078
16 0.757296 0.433180 0.119816 0.066820
