16 0.675456 0.156006 0.201172 0.043457
16 0.791341 0.151367 0.212891 0.050781
16 0.562826 0.204590 0.185547 0.049805
16 0.680339 0.203125 0.177083 0.044922
16 0.807943 0.198486 0.235677 0.045410
16 0.668620 0.255859 0.333333 0.079102
16 0.499674 0.264404 0.294922 0.069824
16 0.359049 0.267090 0.291016 0.066406
16 0.162435 0.349854 0.323568 0.103027
16 0.406901 0.356445 0.569010 0.128906
16 0.697266 0.367432 0.562500 0.165527
16 0.356445 0.663574 0.711589 0.483398
16 0.205404 0.513916 0.409505 0.204590
16 0.597656 0.725586 0.804688 0.539062
