16 0.395386 0.361457 0.195312 0.186310
16 0.747986 0.313049 0.300171 0.158309
16 0.824829 0.649524 0.350342 0.525256
16 0.882996 0.296212 0.234009 0.161237
16 0.253235 0.718430 0.466675 0.525439
16 0.202637 0.385706 0.283691 0.176611
16 0.501709 0.532119 0.071777 0.094619
16 0.621216 0.518668 0.083984 0.089312
16 0.635620 0.617679 0.096924 0.125915
16 0.490173 0.626373 0.078979 0.119510
16 0.704529 0.606973 0.091187 0.121706
16 0.679077 0.513360 0.077637 0.076501
16 0.432739 0.636530 0.060303 0.124817
