16 0.320833 0.287500 0.513889 0.256250
16 0.242361 0.604688 0.481944 0.711458
16 0.152778 0.158333 0.302778 0.200000
16 0.583333 0.699479 0.658333 0.601042
16 0.694444 0.265625 0.283333 0.170833
16 0.674306 0.397917 0.415278 0.281250
16 0.529861 0.128646 0.251389 0.071875
16 0.467361 0.186979 0.309722 0.132292
16 0.219444 0.101042 0.394444 0.102083
16 0.343750 0.078125 0.256944 0.081250
16 0.689583 0.164062 0.195833 0.078125
16 0.847917 0.210938 0.145833 0.098958
16 0.413889 0.061979 0.211111 0.067708
16 0.182639 0.022917 0.223611 0.043750
