16 0.430632 0.178351 0.424451 0.303093
16 0.474588 0.297938 0.413462 0.298969
16 0.481456 0.427835 0.418956 0.327835
16 0.546016 0.554639 0.438187 0.317526
16 0.587912 0.691753 0.445055 0.331959
16 0.629808 0.831959 0.460165 0.331959
16 0.662088 0.908247 0.483516 0.183505
16 0.385989 0.101031 0.447802 0.197938
16 0.079670 0.088660 0.156593 0.164948
16 0.096154 0.200000 0.189560 0.197938
16 0.116758 0.316495 0.230769 0.216495
16 0.134615 0.450515 0.266484 0.237113
16 0.142857 0.592784 0.282967 0.261856
16 0.163462 0.730928 0.324176 0.282474
16 0.193681 0.861856 0.370879 0.276289
16 0.826236 0.076289 0.347527 0.148454
16 0.842720 0.147423 0.314560 0.245361
16 0.844780 0.279381 0.310440 0.278351
16 0.879808 0.421649 0.240385 0.274227
16 0.886676 0.570103 0.226648 0.274227
16 0.905220 0.716495 0.189560 0.232990
16 0.931319 0.868041 0.137363 0.197938
