16 0.501302 0.802246 0.997396 0.394531
16 0.452148 0.505127 0.893880 0.286621
16 0.344401 0.341797 0.671875 0.213867
16 0.274089 0.246338 0.542969 0.164551
16 0.240234 0.181885 0.463542 0.143066
16 0.197591 0.134033 0.393880 0.118652
16 0.177734 0.090576 0.350260 0.091309
16 0.157552 0.066162 0.313802 0.086426
16 0.401367 0.107178 0.274089 0.068848
16 0.456380 0.143555 0.300781 0.081055
16 0.518555 0.183105 0.350911 0.099609
16 0.693685 0.301514 0.507161 0.151855
16 0.767253 0.377441 0.465495 0.154297
16 0.829753 0.508301 0.340495 0.185547
