16 0.123123 0.748876 0.242242 0.487256
16 0.142643 0.405547 0.283283 0.280360
16 0.280280 0.727886 0.298298 0.424288
16 0.092092 0.231634 0.178178 0.193403
16 0.224224 0.264618 0.166166 0.193403
16 0.378378 0.303598 0.182182 0.169415
16 0.477978 0.325337 0.209209 0.179910
16 0.619119 0.383808 0.169169 0.134933
16 0.762763 0.439280 0.146146 0.110945
16 0.870370 0.490255 0.115115 0.086957
16 0.951952 0.537481 0.092092 0.079460
16 0.420420 0.440780 0.284284 0.224888
16 0.570571 0.648426 0.328328 0.298351
16 0.835836 0.600450 0.328328 0.184408
16 0.839339 0.826837 0.313313 0.346327
16 0.490991 0.897301 0.437437 0.202399
