15 0.930833 0.389286 0.135000 0.454762
15 0.575000 0.758333 0.850000 0.378571
15 0.824167 0.370238 0.095000 0.397619
15 0.724167 0.398810 0.115000 0.354762
15 0.608333 0.432143 0.136667 0.307143
15 0.485000 0.482143 0.156667 0.278571
15 0.285000 0.522619 0.336667 0.192857
15 0.714167 0.221429 0.271667 0.109524
15 0.218333 0.464286 0.156667 0.123810
15 0.165000 0.509524 0.233333 0.185714
15 0.416667 0.359524 0.273333 0.080952
15 0.290833 0.386905 0.258333 0.102381
15 0.471667 0.317857 0.280000 0.073810
15 0.538333 0.271429 0.240000 0.114286
15 0.530833 0.203571 0.228333 0.045238
15 0.400000 0.223810 0.203333 0.100000
15 0.175833 0.330952 0.348333 0.247619
