16 0.883987 0.866013 0.225490 0.180828
16 0.624183 0.867102 0.281046 0.178649
16 0.277778 0.870370 0.421569 0.180828
16 0.104575 0.870370 0.205882 0.176471
16 0.598039 0.732026 0.215686 0.082789
16 0.352941 0.737473 0.277778 0.084967
16 0.141340 0.740741 0.279412 0.091503
16 0.388072 0.669935 0.210784 0.058824
16 0.198529 0.675381 0.246732 0.061002
16 0.588235 0.669935 0.196078 0.054466
16 0.852124 0.727669 0.285948 0.082789
16 0.756536 0.667756 0.199346 0.054466
16 0.566176 0.627451 0.151961 0.043573
16 0.414216 0.623094 0.165033 0.039216
16 0.258170 0.628540 0.196078 0.041394
16 0.111111 0.635076 0.215686 0.041394
16 0.883170 0.624183 0.227124 0.045752
16 0.701797 0.623094 0.148693 0.047930
16 0.424837 0.600218 0.140523 0.032680
16 0.432190 0.568627 0.125817 0.043573
16 0.561275 0.579521 0.132353 0.056645
16 0.692810 0.602397 0.130719 0.041394
16 0.554739 0.561002 0.122549 0.063181
16 0.441176 0.550109 0.107843 0.032680
16 0.366830 0.546841 0.102941 0.030501
16 0.290850 0.547930 0.104575 0.032680
16 0.228758 0.577342 0.140523 0.030501
16 0.158497 0.606754 0.183007 0.032680
16 0.917484 0.583878 0.155229 0.039216
16 0.798203 0.591503 0.142157 0.028322
16 0.865196 0.563181 0.174837 0.028322
16 0.790850 0.533769 0.120915 0.021786
16 0.707516 0.539216 0.107843 0.019608
16 0.654412 0.552288 0.168301 0.058824
