17 0.847727 0.534091 0.295455 0.159091
17 0.604545 0.775000 0.781818 0.304545
17 0.845455 0.415909 0.309091 0.104545
17 0.300000 0.654545 0.409091 0.200000
17 0.506818 0.561364 0.431818 0.150000
17 0.881818 0.327273 0.236364 0.118182
17 0.743182 0.302273 0.295455 0.059091
17 0.531818 0.456818 0.381818 0.113636
17 0.156818 0.554545 0.304545 0.218182
17 0.570455 0.379545 0.295455 0.159091
17 0.370455 0.370455 0.168182 0.131818
17 0.234091 0.390909 0.150000 0.154545
17 0.090909 0.395455 0.172727 0.154545
