17 0.738725 0.616563 0.522549 0.633125
17 0.235784 0.611250 0.467647 0.628750
17 0.737255 0.259062 0.525490 0.141875
17 0.237255 0.254063 0.466667 0.139375
17 0.237255 0.169375 0.470588 0.062500
17 0.730392 0.170937 0.539216 0.079375
17 0.234804 0.132188 0.465686 0.039375
17 0.733333 0.137500 0.531373 0.056250
17 0.239216 0.104063 0.460784 0.033125
17 0.677451 0.100937 0.429412 0.033125
17 0.633333 0.076875 0.335294 0.033750
17 0.264216 0.080000 0.402941 0.047500
17 0.201961 0.068125 0.400000 0.070000
17 0.795098 0.084687 0.409804 0.100625
17 0.467647 0.076250 0.333333 0.086250
