0 0.091060 0.675522 0.054917 0.031335
0 0.070370 0.691417 0.046232 0.038601
0 0.036782 0.710718 0.065390 0.042688
0 0.021967 0.731835 0.043423 0.045867
0 0.138570 0.666213 0.052874 0.041780
0 0.120945 0.687330 0.048787 0.037693
0 0.097573 0.709128 0.049553 0.037693
0 0.072414 0.730699 0.056450 0.040872
0 0.039208 0.758856 0.070754 0.045413
0 0.014432 0.787012 0.028352 0.042688
0 0.184036 0.665758 0.050830 0.038147
0 0.167305 0.682334 0.044444 0.046776
0 0.149553 0.701862 0.048787 0.044051
0 0.123372 0.719573 0.056194 0.047684
0 0.101788 0.747956 0.054917 0.052679
0 0.071264 0.785195 0.071009 0.069028
0 0.134994 0.773615 0.066667 0.076748
0 0.161430 0.744323 0.052618 0.056312
0 0.186462 0.720027 0.048531 0.045867
0 0.203704 0.701181 0.043167 0.043597
0 0.216986 0.681880 0.041124 0.037693
0 0.232056 0.663034 0.034483 0.043597
0 0.200639 0.766576 0.053384 0.066303
0 0.223372 0.740009 0.051852 0.049500
0 0.242656 0.714124 0.042912 0.046776
0 0.254662 0.694596 0.042401 0.036785
0 0.267050 0.679609 0.041124 0.035876
0 0.277905 0.659401 0.041379 0.034514
0 0.265773 0.760899 0.051341 0.052225
0 0.280715 0.731153 0.048020 0.045413
0 0.293359 0.708674 0.042656 0.037693
0 0.305492 0.690509 0.038314 0.040418
0 0.315581 0.674614 0.037548 0.032243
0 0.321456 0.656222 0.040102 0.034514
0 0.328991 0.753633 0.054662 0.048592
0 0.339080 0.724569 0.047254 0.038601
0 0.347893 0.704133 0.043423 0.035876
0 0.355428 0.686194 0.039591 0.032698
0 0.360281 0.670073 0.037037 0.032243
0 0.365006 0.653951 0.039847 0.033606
0 0.390677 0.746821 0.046232 0.041326
0 0.396041 0.720254 0.044700 0.036331
0 0.400766 0.700727 0.041379 0.035422
0 0.403321 0.681653 0.036782 0.027248
0 0.406130 0.662807 0.036782 0.030427
0 0.410345 0.649864 0.037037 0.029973
0 0.451086 0.695504 0.039847 0.035876
0 0.450830 0.676885 0.036782 0.027702
0 0.451724 0.660536 0.034994 0.024977
0 0.452363 0.647593 0.033716 0.026340
0 0.509579 0.733197 0.044955 0.043143
0 0.506897 0.706403 0.045211 0.036785
0 0.560536 0.700045 0.049298 0.029519
0 0.566156 0.728202 0.051341 0.042234
0 0.608557 0.695958 0.048787 0.035876
0 0.620690 0.721844 0.052618 0.034060
0 0.655811 0.688011 0.051341 0.036331
0 0.673691 0.715486 0.051341 0.034060
0 0.704981 0.685740 0.051596 0.031789
0 0.724521 0.708901 0.053384 0.038147
0 0.717625 0.626476 0.025287 0.017711
0 0.728863 0.638510 0.036526 0.019982
0 0.744189 0.652134 0.041635 0.018165
0 0.761303 0.665758 0.046743 0.023615
0 0.783014 0.682561 0.049808 0.026340
0 0.803831 0.700727 0.055172 0.030881
0 0.851086 0.698002 0.050575 0.027248
0 0.823755 0.678474 0.045977 0.026340
0 0.802810 0.661444 0.050575 0.024977
0 0.781354 0.646458 0.039847 0.018619
0 0.763729 0.634196 0.038314 0.017711
0 0.743423 0.623070 0.035504 0.017257
0 0.781226 0.618302 0.038570 0.015895
0 0.801788 0.632380 0.038825 0.018619
0 0.821073 0.645777 0.041124 0.019074
0 0.842529 0.658492 0.044189 0.019982
0 0.867050 0.672343 0.049808 0.023161
0 0.893231 0.690736 0.053129 0.024523
0 0.946360 0.782470 0.089400 0.059946
0 0.812644 0.615577 0.034483 0.017711
0 0.835888 0.628292 0.039080 0.014986
0 0.858110 0.641008 0.040613 0.019528
0 0.879310 0.653724 0.050319 0.019528
0 0.908557 0.667802 0.052107 0.021344
0 0.935888 0.685740 0.055172 0.025431
0 0.845083 0.611262 0.036526 0.017257
0 0.884036 0.632834 0.038314 0.018619
0 0.919029 0.649637 0.044955 0.020436