0 0.131818 0.753535 0.259091 0.280808
0 0.284470 0.765657 0.294697 0.329293
0 0.548485 0.754040 0.246970 0.306061
0 0.751515 0.745960 0.337879 0.293939
0 0.868182 0.743434 0.263636 0.286869
0 0.055682 0.484343 0.108333 0.079798
0 0.114773 0.481313 0.170455 0.079798
0 0.206439 0.486869 0.149242 0.082828
0 0.303030 0.485859 0.113636 0.078788
0 0.487500 0.483838 0.100758 0.084848
0 0.571970 0.484848 0.115152 0.082828
0 0.767803 0.484343 0.109848 0.079798
0 0.842045 0.478283 0.140152 0.073737
0 0.920455 0.481313 0.142424 0.071717
0 0.154545 0.577778 0.174242 0.109091
0 0.067045 0.571717 0.132576 0.084848
0 0.262500 0.572727 0.152273 0.096970
0 0.484091 0.587879 0.122727 0.121212
0 0.602652 0.573232 0.135606 0.095960
0 0.817803 0.570202 0.171970 0.089899
0 0.908333 0.555051 0.160606 0.081818
0 0.066667 0.409091 0.104545 0.042424
0 0.125000 0.415657 0.095455 0.055556
0 0.182197 0.416667 0.088636 0.053535
0 0.237121 0.416667 0.092424 0.047475
0 0.297348 0.414646 0.082576 0.049495
0 0.359848 0.418182 0.068182 0.052525
0 0.414015 0.412626 0.059848 0.037374
0 0.472348 0.410606 0.055303 0.043434
0 0.529924 0.410606 0.070455 0.043434
0 0.591667 0.416667 0.080303 0.045455
0 0.643182 0.415152 0.080303 0.046465
0 0.692803 0.407071 0.081061 0.042424
0 0.751136 0.409091 0.085606 0.040404
0 0.804924 0.410101 0.090152 0.044444
0 0.859091 0.409091 0.103030 0.038384
0 0.903030 0.403535 0.107576 0.041414
0 0.955682 0.404545 0.088636 0.033333
0 0.163636 0.376263 0.078788 0.029293
0 0.209470 0.377778 0.070455 0.028283
0 0.261742 0.375758 0.050758 0.032323
0 0.296212 0.377273 0.051515 0.029293
0 0.340152 0.380303 0.048485 0.027273
0 0.385985 0.387879 0.047727 0.030303
0 0.426136 0.381818 0.043182 0.030303
0 0.467045 0.383333 0.043182 0.027273
0 0.511364 0.380303 0.053030 0.029293
0 0.554924 0.380303 0.052273 0.029293
0 0.595455 0.381313 0.046970 0.023232
0 0.636742 0.382323 0.044697 0.025253
0 0.676136 0.375758 0.050758 0.028283
0 0.710227 0.374242 0.056818 0.023232
0 0.756061 0.376263 0.065152 0.023232
0 0.790530 0.374242 0.061364 0.027273
0 0.835985 0.375758 0.050758 0.030303
0 0.752652 0.355556 0.037121 0.014141
0 0.722727 0.352020 0.037879 0.015152
0 0.702273 0.340909 0.031818 0.015152
0 0.668939 0.334343 0.028788 0.012121
0 0.640152 0.326768 0.024242 0.007071
0 0.645833 0.335859 0.023485 0.013131
0 0.680303 0.343939 0.036364 0.013131
0 0.692803 0.358081 0.038636 0.017172
0 0.652652 0.347980 0.028030 0.011111
0 0.660227 0.357071 0.038636 0.017172
0 0.634470 0.359596 0.053788 0.016162
0 0.596591 0.359091 0.040152 0.013131
0 0.566288 0.359596 0.041667 0.016162
0 0.531061 0.359596 0.042424 0.020202
0 0.498485 0.359596 0.037879 0.016162
0 0.467803 0.358081 0.035606 0.017172
0 0.430682 0.359091 0.041667 0.019192
0 0.398485 0.357576 0.040909 0.014141
0 0.368561 0.359596 0.035606 0.020202
0 0.328409 0.360606 0.049242 0.022222
0 0.295455 0.357576 0.050000 0.018182
0 0.264015 0.356061 0.043182 0.013131
0 0.232576 0.356061 0.043939 0.015152
0 0.272348 0.342424 0.029545 0.012121
0 0.298864 0.340909 0.031061 0.011111
0 0.326136 0.346465 0.029545 0.012121
0 0.356439 0.346465 0.031061 0.014141
0 0.383333 0.347980 0.027273 0.015152
0 0.410227 0.346465 0.029545 0.012121
0 0.438258 0.347475 0.028030 0.016162
0 0.462121 0.345960 0.025758 0.009091
0 0.489773 0.345960 0.029545 0.009091
0 0.517803 0.345455 0.031061 0.012121
0 0.542803 0.346465 0.031061 0.010101
0 0.571970 0.345455 0.028788 0.008081
0 0.597348 0.343434 0.032576 0.012121
0 0.622727 0.345455 0.028788 0.016162
0 0.621970 0.334343 0.033333 0.008081
0 0.599621 0.334343 0.029545 0.008081
0 0.577652 0.335859 0.026515 0.011111
0 0.553788 0.335859 0.025758 0.007071
0 0.529545 0.336869 0.028788 0.013131
0 0.505303 0.334848 0.022727 0.009091
0 0.484470 0.337879 0.023485 0.009091
0 0.461364 0.335859 0.022727 0.013131
0 0.438636 0.335354 0.024242 0.008081
0 0.415152 0.336364 0.027273 0.010101
0 0.390909 0.334848 0.021212 0.009091
0 0.370455 0.337374 0.025758 0.014141
0 0.343939 0.335859 0.018182 0.013131
0 0.323864 0.334343 0.028030 0.010101
0 0.297727 0.334343 0.025758 0.012121