0 0.755833 0.701250 0.328333 0.402500
0 0.579167 0.622500 0.308333 0.255000
0 0.836667 0.447500 0.193333 0.155000
0 0.690833 0.441250 0.208333 0.137500
0 0.585833 0.435000 0.191667 0.110000
0 0.489167 0.432500 0.181667 0.095000
0 0.345000 0.567500 0.266667 0.180000
0 0.262500 0.558750 0.261667 0.157500
0 0.196667 0.538750 0.250000 0.142500
0 0.141667 0.521250 0.216667 0.112500
0 0.292500 0.432500 0.165000 0.080000
0 0.352500 0.430000 0.171667 0.085000
0 0.420833 0.433750 0.178333 0.097500
0 0.488333 0.435000 0.186667 0.100000
0 0.584167 0.440000 0.195000 0.120000
0 0.684167 0.440000 0.218333 0.125000