0 0.483073 0.782715 0.964844 0.432617
0 0.585938 0.468262 0.820312 0.231445
0 0.198242 0.484619 0.395182 0.191895
0 0.289388 0.349121 0.514974 0.141602
0 0.699544 0.312500 0.598307 0.177734
0 0.758464 0.213135 0.475260 0.133301
0 0.416992 0.263428 0.465495 0.125488
0 0.159505 0.296387 0.317708 0.093750
0 0.268880 0.231201 0.304688 0.077637
0 0.343424 0.192383 0.310547 0.081055
0 0.431315 0.148193 0.267578 0.067871
0 0.663411 0.104492 0.312500 0.092773
0 0.543620 0.198730 0.330729 0.095703
0 0.833659 0.145752 0.332682 0.097168