0 0.573242 0.756348 0.853516 0.486328
0 0.185872 0.628174 0.370443 0.397949
0 0.264974 0.393311 0.528646 0.256348
0 0.270508 0.296387 0.539714 0.168945
0 0.360026 0.238525 0.464844 0.117676
0 0.430013 0.204834 0.375651 0.100098
0 0.473633 0.177734 0.320964 0.079102
0 0.468750 0.179688 0.347656 0.081055
0 0.508464 0.162109 0.304688 0.062500
0 0.549154 0.143555 0.248047 0.053711
0 0.554688 0.132080 0.256510 0.047363
0 0.695312 0.502441 0.609375 0.260742
0 0.741536 0.387939 0.516927 0.185059
0 0.774089 0.317871 0.451823 0.069336
0 0.785482 0.269287 0.404297 0.118652
0 0.786784 0.229248 0.335286 0.101074
0 0.790365 0.205811 0.281250 0.078613
0 0.786133 0.167236 0.228516 0.056152