0 0.486806 0.102604 0.151389 0.036458
0 0.630556 0.104688 0.169444 0.028125
0 0.788889 0.093229 0.200000 0.034375
0 0.934028 0.085938 0.131944 0.044792
0 0.559722 0.132292 0.191667 0.031250
0 0.729861 0.125521 0.223611 0.044792
0 0.897917 0.120313 0.204167 0.038542
0 0.503472 0.164062 0.223611 0.042708
0 0.674306 0.167187 0.248611 0.048958
0 0.868056 0.168229 0.263889 0.059375
0 0.716667 0.213542 0.286111 0.064583
0 0.512500 0.209896 0.225000 0.053125
0 0.153472 0.194271 0.281944 0.051042
0 0.084028 0.166667 0.165278 0.041667
0 0.445139 0.271875 0.337500 0.052083
0 0.325694 0.295312 0.343056 0.059375
0 0.198611 0.335417 0.375000 0.075000
0 0.279861 0.445833 0.540278 0.170833
0 0.457639 0.367708 0.484722 0.106250
0 0.594444 0.323958 0.419444 0.064583
0 0.715972 0.289062 0.401389 0.053125
0 0.797222 0.420312 0.405556 0.142708
0 0.663194 0.552604 0.673611 0.271875
0 0.505556 0.753125 0.977778 0.493750