0 0.184245 0.131592 0.233073 0.042480
0 0.179362 0.146484 0.275391 0.047852
0 0.184245 0.169434 0.302083 0.053711
0 0.190430 0.191650 0.328776 0.055176
0 0.191081 0.218262 0.376953 0.068359
0 0.404297 0.145996 0.238281 0.036133
0 0.420898 0.163330 0.244141 0.028809
0 0.447266 0.181396 0.265625 0.038574
0 0.482096 0.206299 0.296224 0.036621
0 0.533854 0.239990 0.361979 0.060059
0 0.598958 0.282227 0.438802 0.065430
0 0.685547 0.343506 0.501302 0.086426
0 0.746419 0.433594 0.507161 0.117188
0 0.790039 0.592529 0.419922 0.203613
0 0.234049 0.308838 0.462891 0.089355
0 0.276042 0.398926 0.539062 0.126953
0 0.346029 0.544434 0.690755 0.182617
0 0.480794 0.832520 0.948568 0.334961