0 0.330566 0.241536 0.100586 0.050781
0 0.374756 0.595052 0.338379 0.283854
0 0.168701 0.592122 0.336426 0.248047
0 0.720947 0.567057 0.354004 0.255208
0 0.658447 0.393555 0.214355 0.128255
0 0.848877 0.375326 0.283691 0.132161
0 0.884766 0.534505 0.230469 0.255208
0 0.447021 0.406901 0.208496 0.126302
0 0.274902 0.417969 0.244141 0.118490
0 0.126221 0.419596 0.251465 0.100911
0 0.219482 0.342448 0.200684 0.070312
0 0.344482 0.333984 0.182129 0.076823
0 0.476807 0.325195 0.148926 0.077474
0 0.490234 0.274089 0.125000 0.057292
0 0.392822 0.275716 0.124512 0.046224
0 0.297119 0.283529 0.123535 0.037109
0 0.419678 0.248047 0.104004 0.039062
0 0.572510 0.147135 0.104004 0.084635