0 0.395386 0.361457 0.195312 0.186310
0 0.747986 0.313049 0.300171 0.158309
0 0.824829 0.649524 0.350342 0.525256
0 0.882996 0.296212 0.234009 0.161237
0 0.253235 0.718430 0.466675 0.525439
0 0.202637 0.385706 0.283691 0.176611
0 0.501709 0.532119 0.071777 0.094619
0 0.621216 0.518668 0.083984 0.089312
0 0.635620 0.617679 0.096924 0.125915
0 0.490173 0.626373 0.078979 0.119510
0 0.704529 0.606973 0.091187 0.121706
0 0.679077 0.513360 0.077637 0.076501
0 0.432739 0.636530 0.060303 0.124817