0 0.253268 0.300245 0.176471 0.080882
0 0.151961 0.325980 0.196078 0.088235
0 0.883170 0.296569 0.233660 0.053922
0 0.830065 0.351716 0.336601 0.075980
0 0.758987 0.422794 0.482026 0.149510
0 0.638072 0.600490 0.720588 0.357843
0 0.474673 0.767157 0.936275 0.465686
0 0.133170 0.368873 0.263072 0.075980
0 0.154412 0.474265 0.302288 0.188725
0 0.361928 0.316176 0.200980 0.063725
0 0.683007 0.301471 0.313725 0.063725
0 0.497549 0.311275 0.256536 0.053922
0 0.474673 0.400735 0.419935 0.095588